r=[3912016 3708752 3525008 3331664 3159064 2991560 2830280 2652112 2523440 2295824 2087512 1898624 ...
1715376 1510024;

4884744 4672072 4485008 4292104 4113384 3950072 3777416 3592920 3461024 3236720 3048464 2860288 ...
2671104 2465976;

5800160 5571352 5372592 5168344 4981536 4811280 4632088 4446872 4315720 4081352 3884064 3709200 ...
3495296 3298184;

3745352 3553840 3377704 3177816 3013488 2843624 2683872 2471016 2345712 2118168 1905320 1704496 ...
1501064 1284880;

3465456 3282256 3111992 2926248 2758856 2598448 2441264 2231872 2105952 1908064 1736640 1581064 ...
1439576 1295184;];

r=r/1024^2;

sn=[60.7406 59.8909 59.0965 58.1667 57.3497 56.5139 55.5719 54.6145 53.8944 52.8288 51.8246 50.8689 ...
49.9089 48.9280;

60.8030 59.9454 59.0879 58.2558 57.4119 56.6032 55.6850 54.7342 54.0033 52.8977 51.9156 50.9588 ...
49.9336 48.8530;

60.7299 59.8638 59.0805 58.2431 57.4308 56.6393 55.7401 54.7995 54.1051 52.9870 51.9947 51.0698 ...
50.0853 49.0121;

60.4126 59.6704 58.8340 57.9745 57.2502 56.4410 55.4906 54.4648 53.6616 52.6313 51.5739 50.5780 ...
49.5288 48.4755;

60.4820 59.7795 58.7330 58.0392 57.2558 56.5059 55.5611 54.5995 53.5971 52.7936 51.8793 51.0329 ...
50.2384 49.3416;];

