r=[1052008 1015832 979608  933352  873608  829296  779832  736312  686872  636264  583504  533168

1153752 1112648 1073344 1022096 957136  912728  863616  818016  768120  713072  659880  609120

1201456 1163848 1125952 1078032 1023176 978944  929216  885456  839408  790360  737400  691448

1568016 1530528 1486168 1433136 1375000 1327280 1277696 1233216 1185832 1128536 1082992 1036960

1058152 1018640 986728  935432  873776  828064  776888  730680  681192  627392  574896  524264

988240 952688  922456  869824  808224  762104  713440  665432  613432  560240  500208  445440];

r=r/512^2;

sn=[57.2300 56.5759 55.8944 55.0566 53.9317 53.0194 52.0136 51.0909 50.0447 48.9526 47.9770 46.8709

56.9948 56.3142 55.5600 54.6668 53.6082 52.6863 51.6991 50.7751 49.7404 48.6512 47.6012 46.5484

57.2325 56.6373 55.9380 55.1080 54.0254 53.1208 52.1325 51.2088 50.1962 49.1051 48.1257 47.0885

57.2062 56.6537 56.0084 55.2011 54.0995 53.2516 52.3022 51.4245 50.4442 49.4121 48.4197 47.4114

57.1551 56.5009 55.8041 54.9434 53.8225 52.8728 51.8243 50.8646 49.8243 48.6880 47.7296 46.6732

57.1878 56.5066 55.8371 54.9535 53.7998 52.8758 51.8679 50.8835 49.7990 48.6886 47.6238 46.5415];


