r=[4453584 4308904 4171800 3979720 3783784 3603344 3382968 3196248 3000912 2789128 ...
2593176 2407072 2209952 2016912 1814840 1593936 1389432 1181480 1009672 879120 ...
765944  669672  591128  523128  461384  410032  363376  318832  280344  247936 ...
216784  190280  165352  143536  125720];

r=r/1024^2;
 
sn=[57.2160 56.5857 55.9109 55.0885 54.1522 53.2230 52.1048 51.1348 50.0734 49.0568 ...
48.0072 46.9678 45.8906 44.8665 43.7836 42.6547 41.6358 40.6392 39.8090 39.1413 ...
38.4759 37.8895 37.3625 36.8444 36.3005 35.8080 35.3110 34.7730 34.2212 33.7317 ...
33.1910 32.6859 32.1573 31.6189 31.1439];

