b=[526424
259312
65656 
31840
9656
10064
31224
9704
8976
524024
69720
33672
10432
9984
38520
10784
11520
270656
81176
40000
11240
11272
39256
10584
9392
118608
35528
7968
7008
52792
4904
12632];
